-0.428851 0.225396 -0.00949544 -0.428851 0.225914 -0.00949544 -0.4603 -0.25555 -0.5 0.4603 0.25555 0.0523 
-0.428851 0.225396 -0.00949544 -0.428851 0.225914 -0.00949544 -0.4603 -0.25555 -0.4068 0.1326 0.25555 0.0523 
-0.428851 0.225396 -0.00949544 -0.428851 0.225914 -0.00949544 -0.4603 -0.25555 -0.1929 -0.0956 0.25555 0.0523 
-0.428851 0.225396 -0.00949544 -0.428851 0.225914 -0.00949544 -0.4603 -0.25555 -0.0713 -0.1161 0.06905 0.0489 
-0.428851 0.225396 -0.00949544 -0.428851 0.225914 -0.00949544 -0.4603 0.03265 -0.1929 -0.0956 0.25555 0.0523 
-0.428851 0.225396 -0.00949544 -0.428851 0.225914 -0.00949544 -0.4603 0.03385 -0.0798 -0.2607 0.25555 0.0523 
-0.428851 0.225396 -0.00949544 -0.428851 0.225914 -0.00949544 -0.4603 0.03385 -0.0798 -0.2607 0.20195 0.0511 
-0.428851 0.225396 -0.00949544 -0.428851 0.225914 -0.00949544 -0.4603 0.16225 -0.0794 -0.264 0.25555 0.0523 
-0.428851 0.225396 -0.00949544 -0.428851 0.225914 -0.00949544 -0.4603 0.16225 -0.0477 -0.36304 0.25555 0.0473 
-0.428851 0.225396 -0.00949544 -0.428851 0.225914 -0.00949544 -0.4603 0.16225 -0.0409 -0.42453 0.25555 0.0473 
-0.428851 0.225396 -0.00949544 -0.428851 0.225914 -0.00949544 -0.4603 0.16225 -0.0398 -0.44153 0.23675 0.0473 
-0.428851 0.225396 -0.00949544 -0.428851 0.225914 -0.00949544 -0.4603 0.19955 -0.0409 -0.42453 0.25555 0.043 
-0.428851 0.225396 -0.00949544 -0.428851 0.225914 -0.00949544 -0.4603 0.19955 -0.0409 -0.42453 0.25555 0.0017 
-0.428851 0.225396 -0.00949544 -0.428851 0.225914 -0.00949544 -0.4603 0.19955 -0.0409 -0.42456 0.25555 0.0017 
-0.428851 0.225396 -0.00949544 -0.428851 0.225914 -0.00949544 -0.4603 0.21755 -0.0398 -0.44153 0.23675 0.0017 
-0.428851 0.225396 -0.00949544 -0.428851 0.225914 -0.00949544 -0.4603 0.19955 -0.0409 -0.42456 0.25555 0.0017 
-0.428851 0.225396 -0.00949544 -0.428851 0.225914 -0.00949544 -0.4603 0.21825 -0.0409 -0.42456 0.25555 0.0017 
-0.428851 0.225396 -0.00949544 -0.428851 0.225914 -0.00949544 -0.4603 0.23675 -0.0409 -0.42453 0.25555 -0.0191 
-0.428851 0.225396 -0.00949544 -0.428851 0.225914 -0.00949544 -0.4603 0.21825 -0.0395 -0.43958 0.25555 0.043 
-0.428851 0.225396 -0.00949544 -0.428851 0.225914 -0.00949544 -0.4603 0.18025 -0.0477 -0.36304 0.25555 0.0422 
-0.428851 0.225396 -0.00949544 -0.428851 0.225914 -0.00949544 -0.4603 0.18035 -0.0425 -0.39725 0.25555 0.0422 
-0.428851 0.225396 -0.00949544 -0.428851 0.225914 -0.00949544 -0.44242 0.18035 -0.0425 -0.40325 0.25555 -0.0212 
-0.428851 0.225396 -0.00949544 -0.428851 0.225914 -0.00949544 -0.4603 0.19915 -0.0407 -0.39725 0.25555 0.0422 
-0.428851 0.225396 -0.00949544 -0.428851 0.225914 -0.00949544 -0.4603 0.19915 -0.0407 -0.40106 0.25555 -0.0032 
-0.428851 0.225396 -0.00949544 -0.428851 0.225914 -0.00949544 -0.4603 0.19915 -0.0407 -0.42282 0.21805 -0.039 
-0.428851 0.225396 -0.00949544 -0.428851 0.225914 -0.00949544 -0.44153 0.19915 -0.0407 -0.40106 0.25555 -0.0032 
-0.428851 0.225396 -0.00949544 -0.428851 0.225914 -0.00949544 -0.4402 0.25555 -0.0228 -0.40106 0.25555 -0.0032 
-0.428851 0.225396 -0.00949544 -0.428851 0.225914 -0.00949544 -0.4603 0.25555 -0.0212 -0.39725 0.25555 0.0422 
-0.428851 0.225396 -0.00949544 -0.428851 0.225914 -0.00949544 -0.4603 0.25555 -0.0212 -0.41959 0.25555 0.018 
-0.428851 0.225396 -0.00949544 -0.429189 0.225455 -0.0143061 -0.4603 -0.25555 -0.5 0.4603 0.25555 0.0523 
-0.428851 0.225396 -0.00949544 -0.429189 0.225455 -0.0143061 -0.4603 -0.25555 -0.4068 0.1326 0.25555 0.0523 
-0.428851 0.225396 -0.00949544 -0.429189 0.225455 -0.0143061 -0.4603 -0.25555 -0.1929 -0.0956 0.25555 0.0523 
-0.428851 0.225396 -0.00949544 -0.429189 0.225455 -0.0143061 -0.4603 -0.25555 -0.0713 -0.1161 0.06905 0.0489 
-0.428851 0.225396 -0.00949544 -0.429189 0.225455 -0.0143061 -0.4603 0.03265 -0.1929 -0.0956 0.25555 0.0523 
-0.428851 0.225396 -0.00949544 -0.429189 0.225455 -0.0143061 -0.4603 0.03385 -0.0798 -0.2607 0.25555 0.0523 
-0.428851 0.225396 -0.00949544 -0.429189 0.225455 -0.0143061 -0.4603 0.03385 -0.0798 -0.2607 0.20195 0.0511 
-0.428851 0.225396 -0.00949544 -0.429189 0.225455 -0.0143061 -0.4603 0.16225 -0.0794 -0.264 0.25555 0.0523 
-0.428851 0.225396 -0.00949544 -0.429189 0.225455 -0.0143061 -0.4603 0.16225 -0.0477 -0.36304 0.25555 0.0473 
-0.428851 0.225396 -0.00949544 -0.429189 0.225455 -0.0143061 -0.4603 0.16225 -0.0409 -0.42453 0.25555 0.0473 
-0.428851 0.225396 -0.00949544 -0.429189 0.225455 -0.0143061 -0.4603 0.16225 -0.0398 -0.44153 0.23675 0.0473 
-0.428851 0.225396 -0.00949544 -0.429189 0.225455 -0.0143061 -0.4603 0.19955 -0.0409 -0.42453 0.25555 0.043 
-0.428851 0.225396 -0.00949544 -0.429189 0.225455 -0.0143061 -0.4603 0.19955 -0.0409 -0.42453 0.25555 0.0017 
-0.428851 0.225396 -0.00949544 -0.429189 0.225455 -0.0143061 -0.4603 0.19955 -0.0409 -0.42456 0.25555 0.0017 
-0.428851 0.225396 -0.00949544 -0.429189 0.225455 -0.0143061 -0.4603 0.21755 -0.0398 -0.44153 0.23675 0.0017 
-0.428851 0.225396 -0.00949544 -0.429189 0.225455 -0.0143061 -0.4603 0.19955 -0.0409 -0.42456 0.25555 0.0017 
-0.428851 0.225396 -0.00949544 -0.429189 0.225455 -0.0143061 -0.4603 0.21825 -0.0409 -0.42456 0.25555 0.0017 
-0.428851 0.225396 -0.00949544 -0.429189 0.225455 -0.0143061 -0.4603 0.23675 -0.0409 -0.42453 0.25555 -0.0191 
-0.428851 0.225396 -0.00949544 -0.429189 0.225455 -0.0143061 -0.4603 0.21825 -0.0395 -0.43958 0.25555 0.043 
-0.428851 0.225396 -0.00949544 -0.429189 0.225455 -0.0143061 -0.4603 0.18025 -0.0477 -0.36304 0.25555 0.0422 
-0.428851 0.225396 -0.00949544 -0.429189 0.225455 -0.0143061 -0.4603 0.18035 -0.0425 -0.39725 0.25555 0.0422 
-0.428851 0.225396 -0.00949544 -0.429189 0.225455 -0.0143061 -0.44242 0.18035 -0.0425 -0.40325 0.25555 -0.0212 
-0.428851 0.225396 -0.00949544 -0.429189 0.225455 -0.0143061 -0.4603 0.19915 -0.0407 -0.39725 0.25555 0.0422 
-0.428851 0.225396 -0.00949544 -0.429189 0.225455 -0.0143061 -0.4603 0.19915 -0.0407 -0.40106 0.25555 -0.0032 
-0.428851 0.225396 -0.00949544 -0.429189 0.225455 -0.0143061 -0.4603 0.19915 -0.0407 -0.42282 0.21805 -0.039 
-0.428851 0.225396 -0.00949544 -0.429189 0.225455 -0.0143061 -0.44153 0.19915 -0.0407 -0.40106 0.25555 -0.0032 
-0.428851 0.225396 -0.00949544 -0.429189 0.225455 -0.0143061 -0.4402 0.25555 -0.0228 -0.40106 0.25555 -0.0032 
-0.428851 0.225396 -0.00949544 -0.429189 0.225455 -0.0143061 -0.4603 0.25555 -0.0212 -0.39725 0.25555 0.0422 
-0.428851 0.225396 -0.00949544 -0.429189 0.225455 -0.0143061 -0.42456 0.18025 -0.0477 -0.36304 0.25555 0.0381 
-0.428851 0.225396 -0.00949544 -0.429189 0.225455 -0.0143061 -0.40106 0.17895 -0.0794 -0.264 0.25555 0.0523 
-0.428851 0.225396 -0.00949544 -0.429189 0.225455 -0.0143061 -0.3011 0.03265 -0.1929 -0.0956 0.25555 0.0476 
-0.428851 0.225396 -0.00949544 -0.429189 0.225455 -0.0143061 -0.1302 -0.25555 -0.4068 0.1326 0.25555 0.0448 
-0.428851 0.225396 -0.00949544 -0.429189 0.225455 -0.0143061 0.08 -0.05855 -0.5 0.4603 0.25555 0.0478 
-0.428851 0.225396 -0.00949544 -0.429189 0.225455 -0.0143061 -0.4603 -0.252483 0.0091 0.4603 0.25555 0.5 
-0.428851 0.225396 -0.00949544 -0.429105 0.225514 -0.00973008 -0.4603 -0.25555 -0.5 0.4603 0.25555 0.0523 
-0.428851 0.225396 -0.00949544 -0.429105 0.225514 -0.00973008 -0.4603 -0.25555 -0.4068 0.1326 0.25555 0.0523 
-0.428851 0.225396 -0.00949544 -0.429105 0.225514 -0.00973008 -0.4603 -0.25555 -0.1929 -0.0956 0.25555 0.0523 
-0.428851 0.225396 -0.00949544 -0.429105 0.225514 -0.00973008 -0.4603 -0.25555 -0.0713 -0.1161 0.06905 0.0489 
-0.428851 0.225396 -0.00949544 -0.429105 0.225514 -0.00973008 -0.4603 0.03265 -0.1929 -0.0956 0.25555 0.0523 
-0.428851 0.225396 -0.00949544 -0.429105 0.225514 -0.00973008 -0.4603 0.03385 -0.0798 -0.2607 0.25555 0.0523 
-0.428851 0.225396 -0.00949544 -0.429105 0.225514 -0.00973008 -0.4603 0.03385 -0.0798 -0.2607 0.20195 0.0511 
-0.428851 0.225396 -0.00949544 -0.429105 0.225514 -0.00973008 -0.4603 0.16225 -0.0794 -0.264 0.25555 0.0523 
-0.428851 0.225396 -0.00949544 -0.429105 0.225514 -0.00973008 -0.4603 0.16225 -0.0477 -0.36304 0.25555 0.0473 
-0.428851 0.225396 -0.00949544 -0.429105 0.225514 -0.00973008 -0.4603 0.16225 -0.0409 -0.42453 0.25555 0.0473 
-0.428851 0.225396 -0.00949544 -0.429105 0.225514 -0.00973008 -0.4603 0.16225 -0.0398 -0.44153 0.23675 0.0473 
-0.428851 0.225396 -0.00949544 -0.429105 0.225514 -0.00973008 -0.4603 0.19955 -0.0409 -0.42453 0.25555 0.043 
-0.428851 0.225396 -0.00949544 -0.429105 0.225514 -0.00973008 -0.4603 0.19955 -0.0409 -0.42453 0.25555 0.0017 
-0.428851 0.225396 -0.00949544 -0.429105 0.225514 -0.00973008 -0.4603 0.19955 -0.0409 -0.42456 0.25555 0.0017 
-0.428851 0.225396 -0.00949544 -0.429105 0.225514 -0.00973008 -0.4603 0.21755 -0.0398 -0.44153 0.23675 0.0017 
-0.428851 0.225396 -0.00949544 -0.429105 0.225514 -0.00973008 -0.4603 0.19955 -0.0409 -0.42456 0.25555 0.0017 
-0.428851 0.225396 -0.00949544 -0.429105 0.225514 -0.00973008 -0.4603 0.21825 -0.0409 -0.42456 0.25555 0.0017 
-0.428851 0.225396 -0.00949544 -0.429105 0.225514 -0.00973008 -0.4603 0.23675 -0.0409 -0.42453 0.25555 -0.0191 
-0.428851 0.225396 -0.00949544 -0.429105 0.225514 -0.00973008 -0.4603 0.21825 -0.0395 -0.43958 0.25555 0.043 
-0.428851 0.225396 -0.00949544 -0.429105 0.225514 -0.00973008 -0.4603 0.18025 -0.0477 -0.36304 0.25555 0.0422 
-0.428851 0.225396 -0.00949544 -0.429105 0.225514 -0.00973008 -0.4603 0.18035 -0.0425 -0.39725 0.25555 0.0422 
-0.428851 0.225396 -0.00949544 -0.429105 0.225514 -0.00973008 -0.44242 0.18035 -0.0425 -0.40325 0.25555 -0.0212 
-0.428851 0.225396 -0.00949544 -0.429105 0.225514 -0.00973008 -0.4603 0.19915 -0.0407 -0.39725 0.25555 0.0422 
-0.428851 0.225396 -0.00949544 -0.429105 0.225514 -0.00973008 -0.4603 0.19915 -0.0407 -0.40106 0.25555 -0.0032 
-0.428851 0.225396 -0.00949544 -0.429105 0.225514 -0.00973008 -0.4603 0.19915 -0.0407 -0.42282 0.21805 -0.039 
-0.428851 0.225396 -0.00949544 -0.429105 0.225514 -0.00973008 -0.44153 0.19915 -0.0407 -0.40106 0.25555 -0.0032 
-0.428851 0.225396 -0.00949544 -0.429105 0.225514 -0.00973008 -0.4402 0.25555 -0.0228 -0.40106 0.25555 -0.0032 
-0.428851 0.225396 -0.00949544 -0.429105 0.225514 -0.00973008 -0.4603 0.25555 -0.0212 -0.39725 0.25555 0.0422 
-0.428851 0.225396 -0.00949544 -0.429105 0.225514 -0.00973008 -0.42456 0.18025 -0.0477 -0.36304 0.25555 0.0381 
-0.428851 0.225396 -0.00949544 -0.429105 0.225514 -0.00973008 -0.40106 0.17895 -0.0794 -0.264 0.25555 0.0523 
-0.428851 0.225396 -0.00949544 -0.429105 0.225514 -0.00973008 -0.3011 0.03265 -0.1929 -0.0956 0.25555 0.0476 
-0.428851 0.225396 -0.00949544 -0.429105 0.225514 -0.00973008 -0.1302 -0.25555 -0.4068 0.1326 0.25555 0.0448 
-0.428851 0.225396 -0.00949544 -0.429105 0.225514 -0.00973008 0.08 -0.05855 -0.5 0.4603 0.25555 0.0478 
-0.428851 0.225396 -0.00949544 -0.429105 0.225514 -0.00973008 -0.4603 -0.252483 0.0091 0.4603 0.25555 0.5 
-0.428851 0.225396 -0.00949544 -0.428031 0.22468 -0.00807191 -0.4603 -0.25555 -0.5 0.4603 0.25555 0.0523 
-0.428851 0.225396 -0.00949544 -0.428031 0.22468 -0.00807191 -0.4603 -0.25555 -0.4068 0.1326 0.25555 0.0523 
-0.428851 0.225396 -0.00949544 -0.428031 0.22468 -0.00807191 -0.4603 -0.25555 -0.1929 -0.0956 0.25555 0.0523 
